65 40
65 41
65 42
65 43
65 44
65 45
64 46
64 47
64 48
64 49
64 50
63 51
63 52
62 53
62 54
62 55
61 56
61 57
60 58
59 59
59 60
58 61
57 62
56 63
55 64
54 65
53 66
52 67
51 68
50 69
49 69
48 70
47 71
46 71
45 72
44 72
43 72
42 73
41 73
40 74
39 74
38 74
37 74
36 74
35 75
34 75
33 75
32 75
31 75
30 75
29 75
28 75
27 75
26 75
25 75
24 74
23 74
22 74
21 74
20 74
19 73
18 73
17 72
16 72
15 72
14 71
13 71
12 70
11 69
10 69
9 68
8 67
7 66
6 65
5 64
4 63
3 62
2 61
1 60
1 59
0 58
-1 57
-1 56
-2 55
-2 54
-2 53
-3 52
-3 51
-4 50
-4 49
-4 48
-4 47
-4 46
-5 45
-5 44
-5 43
-5 42
-5 41
-5 40
-5 39
-5 38
-5 37
-5 36
-5 35
-4 34
-4 33
-4 32
-4 31
-4 30
-3 29
-3 28
-2 27
-2 26
-2 25
-1 24
-1 23
0 22
1 21
1 20
2 19
3 18
4 17
5 16
6 15
7 14
8 13
9 12
10 11
11 11
12 10
13 9
14 9
15 8
16 8
17 8
18 7
19 7
20 6
21 6
22 6
23 6
24 6
25 5
26 5
27 5
28 5
29 5
30 5
31 5
32 5
33 5
34 5
35 5
36 6
37 6
38 6
39 6
40 6
41 7
42 7
43 8
44 8
45 8
46 9
47 9
48 10
49 11
50 11
51 12
52 13
53 14
54 15
55 16
56 17
57 18
58 19
59 20
59 21
60 22
61 23
61 24
62 25
62 26
62 27
63 28
63 29
64 30
64 31
64 32
64 33
64 34
65 35
65 36
65 37
65 38
65 39
0 0 W
