73 40
73 41
73 42
73 43
73 44
73 45
73 46
72 47
72 48
72 49
72 50
72 51
71 52
71 53
71 54
70 55
70 56
69 57
69 58
69 59
68 60
68 61
67 62
66 63
66 64
65 65
64 66
63 67
63 68
62 69
61 70
60 71
59 72
58 73
57 73
56 74
55 75
54 76
53 76
52 77
51 78
50 78
49 79
48 79
47 79
46 80
45 80
44 81
43 81
42 81
41 82
40 82
39 82
38 82
37 82
36 83
35 83
34 83
33 83
32 83
31 83
30 83
29 83
28 83
27 83
26 83
25 83
24 83
23 82
22 82
21 82
20 82
19 82
18 81
17 81
16 81
15 80
14 80
13 79
12 79
11 79
10 78
9 78
8 77
7 76
6 76
5 75
4 74
3 73
2 73
1 72
0 71
-1 70
-2 69
-3 68
-3 67
-4 66
-5 65
-6 64
-6 63
-7 62
-8 61
-8 60
-9 59
-9 58
-9 57
-10 56
-10 55
-11 54
-11 53
-11 52
-12 51
-12 50
-12 49
-12 48
-12 47
-13 46
-13 45
-13 44
-13 43
-13 42
-13 41
-13 40
-13 39
-13 38
-13 37
-13 36
-13 35
-13 34
-12 33
-12 32
-12 31
-12 30
-12 29
-11 28
-11 27
-11 26
-10 25
-10 24
-9 23
-9 22
-9 21
-8 20
-8 19
-7 18
-6 17
-6 16
-5 15
-4 14
-3 13
-3 12
-2 11
-1 10
0 9
1 8
2 7
3 7
4 6
5 5
6 4
7 4
8 3
9 2
10 2
11 1
12 1
13 1
14 0
15 0
16 -1
17 -1
18 -1
19 -2
20 -2
21 -2
22 -2
23 -2
24 -3
25 -3
26 -3
27 -3
28 -3
29 -3
30 -3
31 -3
32 -3
33 -3
34 -3
35 -3
36 -3
37 -2
38 -2
39 -2
40 -2
41 -2
42 -1
43 -1
44 -1
45 0
46 0
47 1
48 1
49 1
50 2
51 2
52 3
53 4
54 4
55 5
56 6
57 7
58 7
59 8
60 9
61 10
62 11
63 12
63 13
64 14
65 15
66 16
66 17
67 18
68 19
68 20
69 21
69 22
69 23
70 24
70 25
71 26
71 27
71 28
72 29
72 30
72 31
72 32
72 33
73 34
73 35
73 36
73 37
73 38
73 39
