62 40
62 41
62 42
62 43
62 44
62 45
61 46
61 47
61 48
61 49
60 50
60 51
60 52
59 53
59 54
58 55
58 56
57 57
56 58
56 59
55 60
54 61
53 62
52 63
51 64
50 65
49 66
48 66
47 67
46 68
45 68
44 69
43 69
42 70
41 70
40 70
39 71
38 71
37 71
36 71
35 72
34 72
33 72
32 72
31 72
30 72
29 72
28 72
27 72
26 72
25 72
24 71
23 71
22 71
21 71
20 70
19 70
18 70
17 69
16 69
15 68
14 68
13 67
12 66
11 66
10 65
9 64
8 63
7 62
6 61
5 60
4 59
4 58
3 57
2 56
2 55
1 54
1 53
0 52
0 51
0 50
-1 49
-1 48
-1 47
-1 46
-2 45
-2 44
-2 43
-2 42
-2 41
-2 40
-2 39
-2 38
-2 37
-2 36
-2 35
-1 34
-1 33
-1 32
-1 31
0 30
0 29
0 28
1 27
1 26
2 25
2 24
3 23
4 22
4 21
5 20
6 19
7 18
8 17
9 16
10 15
11 14
12 14
13 13
14 12
15 12
16 11
17 11
18 10
19 10
20 10
21 9
22 9
23 9
24 9
25 8
26 8
27 8
28 8
29 8
30 8
31 8
32 8
33 8
34 8
35 8
36 9
37 9
38 9
39 9
40 10
41 10
42 10
43 11
44 11
45 12
46 12
47 13
48 14
49 14
50 15
51 16
52 17
53 18
54 19
55 20
56 21
56 22
57 23
58 24
58 25
59 26
59 27
60 28
60 29
60 30
61 31
61 32
61 33
61 34
62 35
62 36
62 37
62 38
62 39
