58 40
58 41
58 42
58 43
58 44
58 45
57 46
57 47
57 48
57 49
56 50
56 51
55 52
55 53
54 54
54 55
53 56
52 57
52 57
51 58
51 59
50 60
49 61
48 61
47 62
46 63
45 64
44 64
43 65
42 65
41 66
40 66
39 67
38 67
37 67
36 67
35 68
34 68
34 68
33 68
32 68
31 68
30 68
29 68
28 68
27 68
26 68
25 68
24 67
23 67
22 67
21 67
20 66
19 66
18 65
17 65
16 64
15 64
15 64
14 63
13 62
12 61
11 61
10 60
9 59
9 58
8 57
7 56
6 55
6 54
5 53
5 52
4 51
4 50
3 49
3 48
3 47
3 46
3 46
2 45
2 44
2 43
2 42
2 41
2 40
2 39
2 38
2 37
2 36
2 35
3 34
3 33
3 32
3 31
4 30
4 29
5 28
5 27
5 27
6 26
6 25
7 24
8 23
9 22
9 21
10 20
11 19
12 19
13 18
14 17
15 16
16 16
17 15
18 15
19 14
20 14
21 13
22 13
22 13
23 13
24 13
25 12
26 12
27 12
28 12
29 12
30 12
31 12
32 12
33 12
34 12
35 12
36 13
37 13
38 13
39 13
40 14
41 14
41 14
42 15
43 15
44 16
45 16
46 17
47 18
48 19
49 19
50 20
51 21
51 22
52 23
53 24
54 25
54 26
55 27
55 28
56 29
56 30
56 30
57 31
57 32
57 33
57 34
58 35
58 36
58 37
58 38
58 39
