55 40
55 41
55 42
55 43
55 44
54 45
54 45
54 46
54 47
54 48
53 49
53 50
52 51
52 52
52 52
51 53
51 54
50 55
49 56
48 57
47 58
46 59
46 59
45 60
44 61
43 61
42 62
41 62
40 63
39 63
39 63
38 64
37 64
36 64
35 64
34 65
33 65
32 65
32 65
31 65
30 65
29 65
28 65
27 65
26 65
25 64
25 64
24 64
23 64
22 64
21 63
20 63
19 62
18 62
18 62
17 61
16 61
15 60
14 59
13 58
12 57
11 56
11 56
10 55
9 54
9 53
8 52
8 51
7 50
7 49
7 49
6 48
6 47
6 46
6 45
5 44
5 43
5 42
5 42
5 41
5 40
5 39
5 38
5 37
5 36
6 35
6 35
6 34
6 33
6 32
7 31
7 30
8 29
8 28
8 28
9 27
9 26
10 25
11 24
12 23
13 22
14 21
14 21
15 20
16 19
17 19
18 18
19 18
20 17
21 17
21 17
22 16
23 16
24 16
25 16
26 15
27 15
28 15
28 15
29 15
30 15
31 15
32 15
33 15
34 15
35 16
35 16
36 16
37 16
38 16
39 17
40 17
41 18
42 18
42 18
43 19
44 19
45 20
46 21
47 22
48 23
49 24
49 24
50 25
51 26
51 27
52 28
52 29
53 30
53 31
53 31
54 32
54 33
54 34
54 35
55 36
55 37
55 38
55 38
55 39
0 0 W
