75 40
75 41
75 42
75 43
75 44
75 45
75 46
74 47
74 48
74 49
74 50
74 51
73 52
73 53
73 54
72 55
72 56
72 57
71 58
71 59
70 60
70 61
69 62
69 63
68 64
67 65
67 66
66 67
65 68
64 69
64 70
63 71
62 72
61 73
60 74
59 74
58 75
57 76
56 77
55 77
54 78
53 79
52 79
51 80
50 80
49 81
48 81
47 82
46 82
45 82
44 83
43 83
42 83
41 84
40 84
39 84
38 84
37 84
36 85
35 85
34 85
33 85
32 85
31 85
30 85
29 85
28 85
27 85
26 85
25 85
24 85
23 84
22 84
21 84
20 84
19 84
18 83
17 83
16 83
15 82
14 82
13 82
12 81
11 81
10 80
9 80
8 79
7 79
6 78
5 77
4 77
3 76
2 75
1 74
0 74
-1 73
-2 72
-3 71
-4 70
-4 69
-5 68
-6 67
-7 66
-7 65
-8 64
-9 63
-9 62
-10 61
-10 60
-11 59
-11 58
-12 57
-12 56
-12 55
-13 54
-13 53
-13 52
-14 51
-14 50
-14 49
-14 48
-14 47
-15 46
-15 45
-15 44
-15 43
-15 42
-15 41
-15 40
-15 39
-15 38
-15 37
-15 36
-15 35
-15 34
-14 33
-14 32
-14 31
-14 30
-14 29
-13 28
-13 27
-13 26
-12 25
-12 24
-12 23
-11 22
-11 21
-10 20
-10 19
-9 18
-9 17
-8 16
-7 15
-7 14
-6 13
-5 12
-4 11
-4 10
-3 9
-2 8
-1 7
0 6
1 6
2 5
3 4
4 3
5 3
6 2
7 1
8 1
9 0
10 0
11 -1
12 -1
13 -2
14 -2
15 -2
16 -3
17 -3
18 -3
19 -4
20 -4
21 -4
22 -4
23 -4
24 -5
25 -5
26 -5
27 -5
28 -5
29 -5
30 -5
31 -5
32 -5
33 -5
34 -5
35 -5
36 -5
37 -4
38 -4
39 -4
40 -4
41 -4
42 -3
43 -3
44 -3
45 -2
46 -2
47 -2
48 -1
49 -1
50 0
51 0
52 1
53 1
54 2
55 3
56 3
57 4
58 5
59 6
60 6
61 7
62 8
63 9
64 10
64 11
65 12
66 13
67 14
67 15
68 16
69 17
69 18
70 19
70 20
71 21
71 22
72 23
72 24
72 25
73 26
73 27
73 28
74 29
74 30
74 31
74 32
74 33
75 34
75 35
75 36
75 37
75 38
75 39
0 0 W
