75 40
75 41
75 43
75 44
75 46
74 47
74 49
74 50
73 52
73 53
72 55
72 56
71 58
71 59
70 61
69 62
68 64
67 65
66 67
65 68
64 70
63 71
61 73
60 74
58 75
57 76
55 77
54 78
52 79
51 80
49 81
48 81
46 82
45 82
43 83
42 83
40 84
39 84
37 84
36 85
34 85
33 85
31 85
30 85
28 85
27 85
25 85
24 85
22 84
21 84
19 84
18 83
16 83
15 82
13 82
12 81
10 80
9 80
7 79
6 78
4 77
3 76
1 74
0 74
-2 72
-3 71
-4 69
-5 68
-7 66
-7 65
-9 63
-9 62
-10 60
-11 59
-12 57
-12 56
-13 54
-13 53
-14 51
-14 50
-14 48
-14 47
-15 45
-15 44
-15 42
-15 41
-15 39
-15 38
-15 36
-15 35
-14 33
-14 32
-14 30
-14 29
-13 27
-13 26
-12 24
-12 23
-11 21
-10 20
-9 18
-9 17
-7 15
-7 14
-5 12
-4 11
-3 9
-2 8
0 6
1 6
3 4
4 3
6 2
7 1
9 0
10 0
12 -1
13 -2
15 -2
16 -3
18 -3
19 -4
21 -4
22 -4
24 -5
25 -5
27 -5
28 -5
30 -5
31 -5
33 -5
34 -5
36 -5
37 -4
39 -4
40 -4
42 -3
43 -3
45 -2
46 -2
48 -1
49 -1
51 0
52 1
54 2
55 3
57 4
58 5
60 6
61 7
63 9
64 10
65 12
66 13
67 15
68 16
69 18
70 19
71 21
71 22
72 24
72 25
73 27
73 28
74 30
74 31
74 33
75 34
75 36
75 37
75 39
0 0 W
