70 40
70 41
70 42
70 43
70 44
70 45
70 46
69 47
69 48
69 49
69 50
68 51
68 52
68 53
67 54
67 55
67 56
66 57
66 58
65 59
65 60
64 61
63 62
63 63
62 64
61 65
60 66
60 67
59 68
58 69
57 70
56 70
55 71
54 72
53 73
52 73
51 74
50 75
49 75
48 76
47 76
46 77
45 77
44 77
43 78
42 78
41 78
40 79
39 79
38 79
37 79
36 80
35 80
34 80
33 80
32 80
31 80
30 80
29 80
28 80
27 80
26 80
25 80
24 80
23 79
22 79
21 79
20 79
19 78
18 78
17 78
16 77
15 77
14 77
13 76
12 76
11 75
10 75
9 74
8 73
7 73
6 72
5 71
4 70
3 70
2 69
1 68
0 67
0 66
-1 65
-2 64
-3 63
-3 62
-4 61
-5 60
-5 59
-6 58
-6 57
-7 56
-7 55
-7 54
-8 53
-8 52
-8 51
-9 50
-9 49
-9 48
-9 47
-10 46
-10 45
-10 44
-10 43
-10 42
-10 41
-10 40
-10 39
-10 38
-10 37
-10 36
-10 35
-10 34
-9 33
-9 32
-9 31
-9 30
-8 29
-8 28
-8 27
-7 26
-7 25
-7 24
-6 23
-6 22
-5 21
-5 20
-4 19
-3 18
-3 17
-2 16
-1 15
0 14
0 13
1 12
2 11
3 10
4 10
5 9
6 8
7 7
8 7
9 6
10 5
11 5
12 4
13 4
14 3
15 3
16 3
17 2
18 2
19 2
20 1
21 1
22 1
23 1
24 0
25 0
26 0
27 0
28 0
29 0
30 0
31 0
32 0
33 0
34 0
35 0
36 0
37 1
38 1
39 1
40 1
41 2
42 2
43 2
44 3
45 3
46 3
47 4
48 4
49 5
50 5
51 6
52 7
53 7
54 8
55 9
56 10
57 10
58 11
59 12
60 13
60 14
61 15
62 16
63 17
63 18
64 19
65 20
65 21
66 22
66 23
67 24
67 25
67 26
68 27
68 28
68 29
69 30
69 31
69 32
69 33
70 34
70 35
70 36
70 37
70 38
70 39
0 0 W
