73 40
73 41
73 43
73 44
73 46
72 47
72 49
72 50
71 52
71 53
70 55
70 56
69 58
69 59
68 61
67 62
66 64
65 65
63 67
63 68
61 70
60 71
58 73
57 73
55 75
54 76
52 77
51 78
49 79
48 79
46 80
45 80
43 81
42 81
40 82
39 82
37 82
36 83
34 83
33 83
31 83
30 83
28 83
27 83
25 83
24 83
22 82
21 82
19 82
18 81
16 81
15 80
13 79
12 79
10 78
9 78
7 76
6 76
4 74
3 73
1 72
0 71
-2 69
-3 68
-4 66
-5 65
-6 63
-7 62
-8 60
-9 59
-9 57
-10 56
-11 54
-11 53
-12 51
-12 50
-12 48
-12 47
-13 45
-13 44
-13 42
-13 41
-13 39
-13 38
-13 36
-13 35
-12 33
-12 32
-12 30
-12 29
-11 27
-11 26
-10 24
-9 23
-9 21
-8 20
-7 18
-6 17
-5 15
-4 14
-3 12
-2 11
0 9
1 8
3 7
4 6
6 4
7 4
9 2
10 2
12 1
13 1
15 0
16 -1
18 -1
19 -2
21 -2
22 -2
24 -3
25 -3
27 -3
28 -3
30 -3
31 -3
33 -3
34 -3
36 -3
37 -2
39 -2
40 -2
42 -1
43 -1
45 0
46 0
48 1
49 1
51 2
52 3
54 4
55 5
57 7
58 7
60 9
61 10
63 12
63 13
65 15
66 16
67 18
68 19
69 21
69 22
70 24
70 25
71 27
71 28
72 30
72 31
72 33
73 34
73 36
73 37
73 39
0 0 W
