53 40
53 41
53 42
53 42
53 43
53 44
52 45
52 46
52 46
52 47
52 48
51 49
51 50
51 50
50 51
50 52
49 53
48 54
48 54
47 55
47 56
46 57
45 57
45 57
44 58
43 59
42 60
41 60
41 60
40 61
39 61
38 62
37 62
37 62
36 62
35 62
34 63
33 63
33 63
32 63
31 63
30 63
29 63
29 63
28 63
27 63
26 63
25 62
25 62
24 62
23 62
22 62
21 61
21 61
20 61
19 60
18 60
17 59
17 59
16 58
15 57
14 57
13 56
13 56
13 55
12 54
11 53
10 52
10 52
10 51
9 50
9 49
8 48
8 48
8 47
8 46
8 45
7 44
7 44
7 43
7 42
7 41
7 40
7 40
7 39
7 38
7 37
7 36
7 36
8 35
8 34
8 33
8 32
8 32
9 31
9 30
10 29
10 28
10 28
11 27
12 26
13 25
13 24
13 24
14 23
15 23
16 22
17 21
17 21
18 20
19 20
20 19
21 19
21 19
22 18
23 18
24 18
25 18
25 18
26 17
27 17
28 17
29 17
29 17
30 17
31 17
32 17
33 17
33 17
34 17
35 18
36 18
37 18
37 18
38 18
39 19
40 19
41 20
41 20
42 20
43 21
44 22
45 23
45 23
46 23
47 24
47 25
48 26
48 26
49 27
50 28
50 29
51 30
51 30
51 31
52 32
52 33
52 34
52 34
52 35
53 36
53 37
53 38
53 38
53 39
