0 0 W
50 40
50 41
50 42
50 43
50 44
49 45
49 46
49 47
48 48
48 49
47 50
47 51
46 52
45 53
44 54
43 55
42 56
41 57
40 57
39 58
38 58
37 59
36 59
35 59
34 60
33 60
32 60
31 60
30 60
29 60
28 60
27 60
26 60
25 59
24 59
23 59
22 58
21 58
20 57
19 57
18 56
17 55
16 54
15 53
14 52
13 51
13 50
12 49
12 48
11 47
11 46
11 45
10 44
10 43
10 42
10 41
10 40
10 39
10 38
10 37
10 36
11 35
11 34
11 33
12 32
12 31
13 30
13 29
14 28
15 27
16 26
17 25
18 24
19 23
20 23
21 22
22 22
23 21
24 21
25 21
26 20
27 20
28 20
29 20
30 20
31 20
32 20
33 20
34 20
35 21
36 21
37 21
38 22
39 22
40 23
41 23
42 24
43 25
44 26
45 27
46 28
47 29
47 30
48 31
48 32
49 33
49 34
49 35
50 36
50 37
50 38
50 39
