68 40
68 41
68 42
68 43
68 45
68 46
67 47
67 48
67 50
66 51
66 52
66 53
65 55
64 56
64 57
63 58
62 60
62 61
61 62
60 63
59 65
58 66
57 67
56 68
54 69
53 70
52 71
51 72
49 73
48 73
47 74
46 74
44 75
43 76
42 76
41 76
39 77
38 77
37 77
36 78
34 78
33 78
32 78
31 78
29 78
28 78
27 78
26 78
24 78
23 77
22 77
21 77
19 76
18 76
17 76
16 75
14 74
13 74
12 73
11 73
9 72
8 71
7 70
6 69
4 68
3 67
2 66
1 65
0 63
-1 62
-2 61
-2 60
-3 58
-4 57
-4 56
-5 55
-6 53
-6 52
-6 51
-7 50
-7 48
-7 47
-8 46
-8 45
-8 43
-8 42
-8 41
-8 40
-8 38
-8 37
-8 36
-8 35
-7 33
-7 32
-7 31
-7 30
-6 28
-6 27
-5 26
-5 25
-4 23
-3 22
-3 21
-2 20
-1 18
0 17
1 16
1 15
3 13
4 12
5 11
6 11
8 9
9 8
10 8
11 7
13 6
14 6
15 5
16 5
18 4
19 4
20 3
21 3
23 3
24 2
25 2
26 2
28 2
29 2
30 2
31 2
33 2
34 2
35 2
36 2
38 3
39 3
40 3
41 4
43 4
44 5
45 5
46 6
48 7
49 7
50 8
51 8
53 10
54 11
55 11
56 12
58 14
59 15
59 16
60 17
62 19
62 20
63 21
63 22
64 24
65 25
65 26
66 27
66 29
67 30
67 31
67 32
68 34
68 35
68 36
68 37
68 39
0 0 W
