60 40
60 41
60 42
60 43
60 44
60 45
59 46
59 47
59 48
59 49
58 50
58 51
57 52
57 53
57 54
56 55
55 56
55 57
54 58
53 59
52 60
51 61
50 62
49 63
48 64
47 65
46 65
45 66
44 67
43 67
42 67
41 68
40 68
39 69
38 69
37 69
36 69
35 70
34 70
33 70
32 70
31 70
30 70
29 70
28 70
27 70
26 70
25 70
24 69
23 69
22 69
21 69
20 68
19 68
18 67
17 67
16 67
15 66
14 65
13 65
12 64
11 63
10 62
9 61
8 60
7 59
6 58
5 57
5 56
4 55
3 54
3 53
3 52
2 51
2 50
1 49
1 48
1 47
1 46
0 45
0 44
0 43
0 42
0 41
0 40
0 39
0 38
0 37
0 36
0 35
1 34
1 33
1 32
1 31
2 30
2 29
3 28
3 27
3 26
4 25
5 24
5 23
6 22
7 21
8 20
9 19
10 18
11 17
12 16
13 15
14 15
15 14
16 13
17 13
18 13
19 12
20 12
21 11
22 11
23 11
24 11
25 10
26 10
27 10
28 10
29 10
30 10
31 10
32 10
33 10
34 10
35 10
36 11
37 11
38 11
39 11
40 12
41 12
42 13
43 13
44 13
45 14
46 15
47 15
48 16
49 17
50 18
51 19
52 20
53 21
54 22
55 23
55 24
56 25
57 26
57 27
57 28
58 29
58 30
59 31
59 32
59 33
59 34
60 35
60 36
60 37
60 38
60 39
0 0 W
