70 40
70 41
70 42
70 44
70 45
70 46
69 48
69 49
69 50
68 52
68 53
67 54
67 56
66 57
66 58
65 60
64 61
63 62
62 64
61 65
60 66
59 68
58 69
57 70
55 71
54 72
53 73
51 74
50 75
49 75
47 76
46 77
45 77
43 78
42 78
41 78
39 79
38 79
37 79
35 80
34 80
33 80
31 80
30 80
29 80
27 80
26 80
25 80
23 79
22 79
21 79
19 78
18 78
17 78
15 77
14 77
13 76
11 75
10 75
9 74
7 73
6 72
5 71
3 70
2 69
1 68
0 66
-1 65
-2 64
-3 62
-4 61
-5 60
-6 58
-6 57
-7 56
-7 54
-8 53
-8 52
-9 50
-9 49
-9 48
-10 46
-10 45
-10 44
-10 42
-10 41
-10 40
-10 38
-10 37
-10 36
-10 34
-9 33
-9 32
-9 30
-8 29
-8 28
-7 26
-7 25
-7 24
-6 22
-5 21
-5 20
-3 18
-3 17
-2 16
0 14
0 13
1 12
3 10
4 10
5 9
7 7
8 7
9 6
11 5
12 4
13 4
15 3
16 3
17 2
19 2
20 1
21 1
23 1
24 0
25 0
27 0
28 0
29 0
31 0
32 0
33 0
35 0
36 0
37 1
39 1
40 1
41 2
43 2
44 3
45 3
47 4
48 4
49 5
51 6
52 7
53 7
55 9
56 10
57 10
59 12
60 13
60 14
62 16
63 17
63 18
65 20
65 21
66 22
67 24
67 25
67 26
68 28
68 29
69 30
69 32
69 33
70 34
70 36
70 37
70 38
0 0 W
