 0  0
 0  0
 0  0
 0  0
 0  0
 0  0
 0  0
 0  0
 0  0
 0  0
 0  0
 0  0
 0  0
 0  0
 0  0
 0  0
 0  0
 0  0
 0  0
 0  0
 1  0
 1  0
 1  0
 1  0
 1  0
 1  0
 1  0
 1  0
 1  0
 1  0
 1  0
 1  0
 1  0
 1  0
 1  0
 1  0
 1  0
 1  0
 1  0
 1  0
 0  0 Y
 1  0 Y
 2  0 Y
 3  0 Y
-1  0 Y
-2  0 Y
-3  0 Y
 0  1 Y
 0  2 Y
 0  3 Y
 0 -1 Y
 0 -2 Y
 0 -3 Y
 1  1 Y
 1  2 Y
 1  3 Y
 2  1 Y
 2  2 Y
 3  1 Y
 1 -1 Y
 1 -2 Y
 1 -3 Y
 2 -1 Y
 2 -2 Y
 3 -1 Y
-1  1 Y
-1  2 Y
-1  3 Y
-2  1 Y
-2  2 Y
-3  1 Y
-1 -1 Y
-1 -2 Y
-1 -3 Y
-2 -1 Y
-2 -2 Y
-3 -1 Y
