100 25
99 25
98 25
97 25
96 25
95 25
94 25
93 25
92 25
91 25
90 25
89 25
88 25
87 25
86 25
85 25
84 25
83 25
82 25
81 25
80 25
79 25
78 25
77 25
76 25
75 25
74 25
73 25
72 25
71 25
70 25
69 25
68 25
67 25
66 25
65 25
64 25
63 25
62 25
61 25
60 25
59 25
58 25
57 25
56 25
55 25
54 25
53 25
52 25
51 25
50 25
49 25
48 25
47 25
46 25
45 25
44 25
43 25
42 25
41 25
40 25
39 25
38 25
37 25
36 25
35 25
34 25
33 25
32 25
31 25
30 25
29 25
28 25
27 25
26 25
25 25
24 25
23 25
22 25
21 25
20 25
19 25
18 25
17 25
16 25
15 25
14 25
13 25
12 25
11 25
10 25
9 25
8 25
7 25
6 25
5 25
4 25
3 25
2 25
1 25
0 25
-1 25
-2 25
-3 25
-4 25
-5 25
-6 25
-7 25
-8 25
-9 25
-10 25
-11 25
-12 25
-13 25
-14 25
-15 25
 4  1 A
 5  1 A
 6  1 A
 7  1 A
 8  1 A
 9  1 A
10  1 A
11  1 A
 2  2 A
 3  2 A
 4  2 A
 5  2 A
 6  2 A
 7  2 A
 8  2 A
 9  2 A
10  2 A
11  2 A
12  2 A
 2  3 A
 3  3 A
 4  3 A
 5  3 A
 6  3 A
 7  3 A
 8  3 A
 9  3 A
10  3 A
11  3 A
12  3 A
13  3 A
 1  4 A
 2  4 G
 3  4 A
 4  4 A
 5  4 A
 6  4 A
 7  4 A
 8  4 G
 9  4 A
10  4 A
11  4 A
12  4 A
13  4 A
14  4 A
 1  5 A
 2  5 G
 3  5 A
 4  5 A
 5  5 A
 6  5 A
 7  5 A
 8  5 G
 9  5 A
10  5 A
11  5 A
12  5 A
13  5 A
14  5 A
 1  6 A
 2  6 A
 3  6 A
 4  6 A
 5  6 A
 6  6 A
 7  6 A
 8  6 A
 9  6 A
10  6 A
11  6 A
12  6 A
13  6 A
14  6 A
 1  7 A
 2  7 G
 3  7 A
 4  7 A
 5  7 A
 6  7 A
 7  7 A
 8  7 G
 9  7 A
10  7 A
11  7 A
12  7 A
13  7 A
14  7 A
 1  8 A
 2  8 A
 3  8 G
 4  8 G
 5  8 G
 6  8 G
 7  8 G
 8  8 A
 9  8 A
10  8 A
11  8 A
12  8 A
13  8 A
14  8 A
 1  9 A
 2  9 A
 3  9 A
 4  9 A
 5  9 A
 6  9 A
 7  9 A
 8  9 A
 9  9 A
10  9 A
11  9 A
12  9 A
13  9 A
14  9 A
 1 10 W
 2 10 A
 3 10 A
 4 10 A
 5 10 A
 6 10 A
 7 10 A
 8 10 A
 9 10 A
10 10 A
11 10 W
12 10 W
13 10 W
14 10 W
 1 11 W
 2 11 W
 3 11 W
 4 11 W
 5 11 W
 6 11 W
 7 11 W
 8 11 W
 9 11 W
10 11 W
11 11 W
12 11 W
13 11 W
14 11 W
 1 12 W
 2 12 W
 3 12 W
 4 12 A
 5 12 K
 6 12 K
 7 12 A
 8 12 W
 9 12 W
10 12 W
11 12 W
12 12 W
13 12 W
14 12 W
 1 13 W
 2 13 W
 3 13 W
 4 13 A
 5 13 K
 6 13 K
 7 13 A
 8 13 W
 9 13 W
10 13 W
11 13 W
12 13 W
13 13 W
14 13 W
 1 14 W
 2 14 W
 3 14 W
 4 14 W
 5 14 W
 6 14 W
 7 14 W
 8 14 W
 9 14 W
10 14 W
11 14 W
12 14 W
13 14 W
14 14 W
 1 15 W
 2 15 W
 3 15 W
 4 15 W
 5 15 W
 6 15 W
 7 15 W
 8 15 W
 9 15 W
10 15 W
11 15 W
12 15 W
13 15 W
14 15 W
 1 16 W
 2 16 W
 3 16 W
 4 16 W
 5 16 W
 6 16 W
 7 16 W
 8 16 W
 9 16 W
10 16 W
11 16 W
12 16 W
13 16 W
14 16 W
