1  0  0 Y
1  1  0 Y
1  0  1 Y
1 -1  0 Y
1  0 -1 Y
2  0  0 Y
2  1  0 Y
2  0  1 Y
2 -1  0 Y
2  0 -1 Y
3  0  0 Y
3  1  0 Y
3  0  1 Y
3 -1  0 Y
3  0 -1 Y
4  0  0 Y
4  1  0 Y
4  0  1 Y
4 -1  0 Y
4  0 -1 Y
5  0  0 Y
5  1  0 Y
5  0  1 Y
5 -1  0 Y
5  0 -1 Y
6  0  0 Y
6  1  1 Y
6 -1  1 Y
6  1 -1 Y
6 -1 -1 Y
7  0  0 Y
7  1  1 Y
7 -1  1 Y
7  1 -1 Y
7 -1 -1 Y
8  0  0 Y
8  1  1 Y
8 -1  1 Y
8  1 -1 Y
8 -1 -1 Y
9  0  0 Y
9  1  1 Y
9 -1  1 Y
9  1 -1 Y
9 -1 -1 Y
10  0  0 Y
10  1  1 Y
10 -1  1 Y
10  1 -1 Y
10 -1 -1 Y
