25 1
26 1
27 1
28 1
29 1
30 1
31 2
32 2
33 2
34 3
35 3
36 4
37 4
38 5
39 6
40 7
41 8
42 9
43 10
43 11
44 12
44 13
45 14
45 15
45 16
46 17
46 18
46 19
46 20
46 21
46 22
46 23
46 24
46 25
45 26
45 27
45 28
44 29
44 30
43 31
43 32
42 33
41 34
40 35
39 36
38 37
37 38
36 38
35 39
34 39
33 40
32 40
31 40
30 41
29 41
28 41
27 41
26 41
25 41
24 41
23 41
22 41
21 40
20 40
19 40
18 39
17 39
16 38
15 38
14 37
13 36
12 35
11 34
10 33
9 32
9 31
8 30
8 29
7 28
7 27
7 26
6 25
6 24
6 23
6 22
6 21
6 20
6 19
6 18
6 17
7 16
7 15
7 14
8 13
8 12
9 11
9 10
10 9
11 8
12 7
13 6
14 5
15 4
16 4
17 3
18 3
19 2
20 2
21 2
22 1
23 1
24 1
