8 29
7 28
7 27
7 26
7 25
7 24
7 23
7 22
7 21
7 20
7 19
7 18
7 17
7 16
8 15
9 15
10 14
11 14
12 13
13 13
14 13
15 12
16 12
17 12
18 11
19 11
20 11
21 10
22 10
23 10
24 9
25 9
26 9
27 8
28 8
29 8
30 7
31 7
32 7
33 6
34 6
35 6
36 5
37 5
38 5
39 4
40 4
41 4
42 3
43 3
44 2
45 2
45 3
45 4
45 5
45 6
45 7
45 8
45 9
45 10
45 11
45 12
45 13
45 14
45 15
45 16
45 17
45 18
45 19
45 20
45 21
45 22
45 23
45 24
45 25
45 26
45 27
45 28
45 29
45 30
45 31
45 32
45 33
45 34
45 35
45 36
45 37
45 38
45 39
44 39
43 38
42 38
41 38
40 37
39 37
38 37
37 37
36 36
35 36
34 36
33 35
32 35
31 35
30 35
29 34
28 34
27 34
26 33
25 33
24 33
23 32
22 32
21 32
20 32
19 31
18 31
18 32
18 33
17 34
16 34
15 34
14 34
13 34
12 34
11 34
10 34
9 34
8 34
8 35
9 36
10 36
11 36
12 36
13 36
9 33
9 32
9 31
9 30
9 29
10 28
11 27
12 26
13 26
14 25
15 24
15 23
14 22
14 21
15 20
16 19
17 20
18 19
19 20
19 21
19 22
18 23
18 24
18 25
18 26
18 27
18 28
18 29
18 30
