41 21
41 22
41 23
41 24
41 25
40 26
40 27
40 28
39 29
39 30
38 31
38 32
37 33
36 34
35 35
34 36
33 37
32 38
31 38
30 39
29 39
28 40
27 40
26 40
25 41
24 41
23 41
22 41
21 41
20 41
19 41
18 41
17 41
16 40
15 40
14 40
13 39
12 39
11 38
10 38
9 37
8 36
7 35
6 34
5 33
4 32
4 31
3 30
3 29
2 28
2 27
2 26
1 25
1 24
1 23
1 22
1 21
1 20
1 19
1 18
1 17
2 16
2 15
2 14
3 13
3 12
4 11
4 10
5 9
6 8
7 7
8 6
9 5
10 4
11 4
12 3
13 3
14 2
15 2
16 2
17 1
18 1
19 1
20 1
21 1
22 1
23 1
24 1
25 1
26 2
27 2
28 2
29 3
30 3
31 4
32 4
33 5
34 6
35 7
36 8
37 9
38 10
38 11
39 12
39 13
40 14
40 15
40 16
41 17
41 18
41 19
41 20
