81 21
80 21
79 21
78 21
77 21
76 21
75 21
74 21
73 21
72 21
71 21
70 21
69 21
68 21
67 21
66 21
65 21
64 21
63 21
62 21
61 21
60 21
59 21
58 21
57 21
56 21
55 21
54 21
53 21
52 21
51 21
50 21
49 21
48 21
47 21
46 21
45 21
44 21
43 21
42 21
41 21
40 21
39 21
38 21
37 21
36 21
35 21
34 21
33 21
32 21
31 21
30 21
29 21
28 21
27 21
26 21
25 21
24 21
23 21
22 21
21 21
20 21
19 21
18 21
17 21
16 21
15 21
14 21
13 21
12 21
11 21
10 21
9 21
8 21
7 21
6 21
5 21
4 21
3 21
2 21
1 21
0 21
-1 21
-2 21
-3 21
-4 21
-5 21
-6 21
-7 21
-8 21
-9 21
-10 21
-11 21
-12 21
-13 21
-14 21
-15 21
-16 21
-17 21
-18 21
-19 21
